spike 0.9999858140945435 397 229 428 321
spike 0.9999387264251709 350 286 421 364
spike 0.9999196529388428 509 181 540 282
spike 0.9998977184295654 524 308 587 377
spike 0.9998964071273804 613 173 638 275
spike 0.9998201727867126 323 319 404 394
spike 0.9998018145561218 698 188 739 302
spike 0.9997972846031189 457 262 506 344
spike 0.9996936321258545 193 308 292 383
spike 0.9996539354324341 641 192 674 289
spike 0.999397873878479 488 247 528 343
spike 0.9991039633750916 571 202 599 303
spike 0.9826870560646057 324 416 388 463
